(kicad_pcb (version 20171130) (host pcbnew "(5.1.6)-1")

  (general
    (thickness 1.6)
    (drawings 14)
    (tracks 353)
    (zones 0)
    (modules 48)
    (nets 57)
  )

  (page A4)
  (layers
    (0 F.Cu signal)
    (31 B.Cu signal)
    (32 B.Adhes user)
    (33 F.Adhes user)
    (34 B.Paste user)
    (35 F.Paste user)
    (36 B.SilkS user)
    (37 F.SilkS user)
    (38 B.Mask user)
    (39 F.Mask user)
    (40 Dwgs.User user)
    (41 Cmts.User user)
    (42 Eco1.User user)
    (43 Eco2.User user)
    (44 Edge.Cuts user)
    (45 Margin user)
    (46 B.CrtYd user)
    (47 F.CrtYd user)
    (48 B.Fab user)
    (49 F.Fab user)
  )

  (setup
    (last_trace_width 1)
    (user_trace_width 1)
    (user_trace_width 2)
    (user_trace_width 5)
    (trace_clearance 0.2)
    (zone_clearance 0.508)
    (zone_45_only no)
    (trace_min 0.2)
    (via_size 0.8)
    (via_drill 0.4)
    (via_min_size 0.4)
    (via_min_drill 0.3)
    (user_via 2 1)
    (uvia_size 0.3)
    (uvia_drill 0.1)
    (uvias_allowed no)
    (uvia_min_size 0.2)
    (uvia_min_drill 0.1)
    (edge_width 0.05)
    (segment_width 0.2)
    (pcb_text_width 0.3)
    (pcb_text_size 1.5 1.5)
    (mod_edge_width 0.12)
    (mod_text_size 1 1)
    (mod_text_width 0.15)
    (pad_size 2.4 2.4)
    (pad_drill 1.2)
    (pad_to_mask_clearance 0.05)
    (aux_axis_origin 0 0)
    (visible_elements 7FFFFFFF)
    (pcbplotparams
      (layerselection 0x010fc_ffffffff)
      (usegerberextensions false)
      (usegerberattributes true)
      (usegerberadvancedattributes true)
      (creategerberjobfile true)
      (excludeedgelayer true)
      (linewidth 0.100000)
      (plotframeref false)
      (viasonmask false)
      (mode 1)
      (useauxorigin false)
      (hpglpennumber 1)
      (hpglpenspeed 20)
      (hpglpendiameter 15.000000)
      (psnegative false)
      (psa4output false)
      (plotreference true)
      (plotvalue true)
      (plotinvisibletext false)
      (padsonsilk false)
      (subtractmaskfromsilk false)
      (outputformat 1)
      (mirror false)
      (drillshape 1)
      (scaleselection 1)
      (outputdirectory ""))
  )

  (net 0 "")
  (net 1 GND)
  (net 2 +3V3)
  (net 3 "Net-(J4-Pad17)")
  (net 4 "Net-(J4-Pad16)")
  (net 5 "Net-(J4-Pad15)")
  (net 6 "Net-(J4-Pad14)")
  (net 7 "Net-(J4-Pad10)")
  (net 8 "Net-(J4-Pad9)")
  (net 9 "Net-(J4-Pad8)")
  (net 10 "Net-(J4-Pad7)")
  (net 11 "Net-(J4-Pad6)")
  (net 12 "Net-(J4-Pad5)")
  (net 13 "Net-(J4-Pad4)")
  (net 14 "Net-(J4-Pad3)")
  (net 15 "Net-(J4-Pad2)")
  (net 16 "Net-(J4-Pad1)")
  (net 17 VCC)
  (net 18 "Net-(J5-Pad4)")
  (net 19 "Net-(J5-Pad5)")
  (net 20 "Net-(J5-Pad6)")
  (net 21 "Net-(J5-Pad7)")
  (net 22 "Net-(J5-Pad8)")
  (net 23 "Net-(J5-Pad9)")
  (net 24 "Net-(J5-Pad10)")
  (net 25 "Net-(J5-Pad11)")
  (net 26 "Net-(J5-Pad12)")
  (net 27 "Net-(J5-Pad13)")
  (net 28 "Net-(J5-Pad14)")
  (net 29 "Net-(J5-Pad15)")
  (net 30 "Net-(J5-Pad16)")
  (net 31 "Net-(J5-Pad17)")
  (net 32 "Net-(J5-Pad18)")
  (net 33 "Net-(J5-Pad19)")
  (net 34 "Net-(J5-Pad20)")
  (net 35 "Net-(J6-Pad5)")
  (net 36 "Net-(JP1-Pad2)")
  (net 37 "Net-(JP3-Pad2)")
  (net 38 +BATT)
  (net 39 "Net-(U4-Pad4)")
  (net 40 "Net-(U4-Pad5)")
  (net 41 "Net-(C2-Pad1)")
  (net 42 "Net-(C4-Pad1)")
  (net 43 "Net-(C6-Pad1)")
  (net 44 "Net-(R9-Pad2)")
  (net 45 "Net-(R10-Pad2)")
  (net 46 "Net-(R11-Pad2)")
  (net 47 "Net-(R12-Pad2)")
  (net 48 "Net-(R13-Pad2)")
  (net 49 "Net-(R14-Pad2)")
  (net 50 "Net-(C7-Pad1)")
  (net 51 "Net-(C11-Pad1)")
  (net 52 "Net-(C14-Pad1)")
  (net 53 /sr1)
  (net 54 /sr2)
  (net 55 /sr3)
  (net 56 "Net-(J5-Pad1)")

  (net_class Default "This is the default net class."
    (clearance 0.2)
    (trace_width 0.25)
    (via_dia 0.8)
    (via_drill 0.4)
    (uvia_dia 0.3)
    (uvia_drill 0.1)
    (add_net +3V3)
    (add_net +BATT)
    (add_net /sr1)
    (add_net /sr2)
    (add_net /sr3)
    (add_net GND)
    (add_net "Net-(C11-Pad1)")
    (add_net "Net-(C14-Pad1)")
    (add_net "Net-(C2-Pad1)")
    (add_net "Net-(C4-Pad1)")
    (add_net "Net-(C6-Pad1)")
    (add_net "Net-(C7-Pad1)")
    (add_net "Net-(J4-Pad1)")
    (add_net "Net-(J4-Pad10)")
    (add_net "Net-(J4-Pad14)")
    (add_net "Net-(J4-Pad15)")
    (add_net "Net-(J4-Pad16)")
    (add_net "Net-(J4-Pad17)")
    (add_net "Net-(J4-Pad2)")
    (add_net "Net-(J4-Pad3)")
    (add_net "Net-(J4-Pad4)")
    (add_net "Net-(J4-Pad5)")
    (add_net "Net-(J4-Pad6)")
    (add_net "Net-(J4-Pad7)")
    (add_net "Net-(J4-Pad8)")
    (add_net "Net-(J4-Pad9)")
    (add_net "Net-(J5-Pad1)")
    (add_net "Net-(J5-Pad10)")
    (add_net "Net-(J5-Pad11)")
    (add_net "Net-(J5-Pad12)")
    (add_net "Net-(J5-Pad13)")
    (add_net "Net-(J5-Pad14)")
    (add_net "Net-(J5-Pad15)")
    (add_net "Net-(J5-Pad16)")
    (add_net "Net-(J5-Pad17)")
    (add_net "Net-(J5-Pad18)")
    (add_net "Net-(J5-Pad19)")
    (add_net "Net-(J5-Pad20)")
    (add_net "Net-(J5-Pad4)")
    (add_net "Net-(J5-Pad5)")
    (add_net "Net-(J5-Pad6)")
    (add_net "Net-(J5-Pad7)")
    (add_net "Net-(J5-Pad8)")
    (add_net "Net-(J5-Pad9)")
    (add_net "Net-(J6-Pad5)")
    (add_net "Net-(JP1-Pad2)")
    (add_net "Net-(JP3-Pad2)")
    (add_net "Net-(R10-Pad2)")
    (add_net "Net-(R11-Pad2)")
    (add_net "Net-(R12-Pad2)")
    (add_net "Net-(R13-Pad2)")
    (add_net "Net-(R14-Pad2)")
    (add_net "Net-(R9-Pad2)")
    (add_net "Net-(U4-Pad4)")
    (add_net "Net-(U4-Pad5)")
    (add_net VCC)
  )

  (module Package_TO_SOT_SMD:TO-263-7_TabPin8 (layer F.Cu) (tedit 5A70FBD7) (tstamp 5F72B687)
    (at 148.2 100.4)
    (descr "TO-263 / D2PAK / DDPAK SMD package, http://www.infineon.com/cms/en/product/packages/PG-TO263/PG-TO263-7-1/")
    (tags "D2PAK DDPAK TO-263 D2PAK-7 TO-263-7 SOT-427")
    (path /5F6F9B27)
    (attr smd)
    (fp_text reference U3 (at 0 -6.65) (layer F.SilkS)
      (effects (font (size 1 1) (thickness 0.15)))
    )
    (fp_text value IFX007TAUMA1 (at 0 6.65) (layer F.Fab)
      (effects (font (size 1 1) (thickness 0.15)))
    )
    (fp_text user %R (at 0 0) (layer F.Fab)
      (effects (font (size 1 1) (thickness 0.15)))
    )
    (fp_line (start 6.5 -5) (end 7.5 -5) (layer F.Fab) (width 0.1))
    (fp_line (start 7.5 -5) (end 7.5 5) (layer F.Fab) (width 0.1))
    (fp_line (start 7.5 5) (end 6.5 5) (layer F.Fab) (width 0.1))
    (fp_line (start 6.5 -5) (end 6.5 5) (layer F.Fab) (width 0.1))
    (fp_line (start 6.5 5) (end -2.75 5) (layer F.Fab) (width 0.1))
    (fp_line (start -2.75 5) (end -2.75 -4) (layer F.Fab) (width 0.1))
    (fp_line (start -2.75 -4) (end -1.75 -5) (layer F.Fab) (width 0.1))
    (fp_line (start -1.75 -5) (end 6.5 -5) (layer F.Fab) (width 0.1))
    (fp_line (start -2.64 -4.11) (end -7.45 -4.11) (layer F.Fab) (width 0.1))
    (fp_line (start -7.45 -4.11) (end -7.45 -3.51) (layer F.Fab) (width 0.1))
    (fp_line (start -7.45 -3.51) (end -2.75 -3.51) (layer F.Fab) (width 0.1))
    (fp_line (start -2.75 -2.84) (end -7.45 -2.84) (layer F.Fab) (width 0.1))
    (fp_line (start -7.45 -2.84) (end -7.45 -2.24) (layer F.Fab) (width 0.1))
    (fp_line (start -7.45 -2.24) (end -2.75 -2.24) (layer F.Fab) (width 0.1))
    (fp_line (start -2.75 -1.57) (end -7.45 -1.57) (layer F.Fab) (width 0.1))
    (fp_line (start -7.45 -1.57) (end -7.45 -0.97) (layer F.Fab) (width 0.1))
    (fp_line (start -7.45 -0.97) (end -2.75 -0.97) (layer F.Fab) (width 0.1))
    (fp_line (start -2.75 -0.3) (end -7.45 -0.3) (layer F.Fab) (width 0.1))
    (fp_line (start -7.45 -0.3) (end -7.45 0.3) (layer F.Fab) (width 0.1))
    (fp_line (start -7.45 0.3) (end -2.75 0.3) (layer F.Fab) (width 0.1))
    (fp_line (start -2.75 0.97) (end -7.45 0.97) (layer F.Fab) (width 0.1))
    (fp_line (start -7.45 0.97) (end -7.45 1.57) (layer F.Fab) (width 0.1))
    (fp_line (start -7.45 1.57) (end -2.75 1.57) (layer F.Fab) (width 0.1))
    (fp_line (start -2.75 2.24) (end -7.45 2.24) (layer F.Fab) (width 0.1))
    (fp_line (start -7.45 2.24) (end -7.45 2.84) (layer F.Fab) (width 0.1))
    (fp_line (start -7.45 2.84) (end -2.75 2.84) (layer F.Fab) (width 0.1))
    (fp_line (start -2.75 3.51) (end -7.45 3.51) (layer F.Fab) (width 0.1))
    (fp_line (start -7.45 3.51) (end -7.45 4.11) (layer F.Fab) (width 0.1))
    (fp_line (start -7.45 4.11) (end -2.75 4.11) (layer F.Fab) (width 0.1))
    (fp_line (start -1.45 -5.2) (end -2.95 -5.2) (layer F.SilkS) (width 0.12))
    (fp_line (start -2.95 -5.2) (end -2.95 -4.51) (layer F.SilkS) (width 0.12))
    (fp_line (start -2.95 -4.51) (end -8.075 -4.51) (layer F.SilkS) (width 0.12))
    (fp_line (start -1.45 5.2) (end -2.95 5.2) (layer F.SilkS) (width 0.12))
    (fp_line (start -2.95 5.2) (end -2.95 4.51) (layer F.SilkS) (width 0.12))
    (fp_line (start -2.95 4.51) (end -4.05 4.51) (layer F.SilkS) (width 0.12))
    (fp_line (start -8.32 -5.65) (end -8.32 5.65) (layer F.CrtYd) (width 0.05))
    (fp_line (start -8.32 5.65) (end 8.32 5.65) (layer F.CrtYd) (width 0.05))
    (fp_line (start 8.32 5.65) (end 8.32 -5.65) (layer F.CrtYd) (width 0.05))
    (fp_line (start 8.32 -5.65) (end -8.32 -5.65) (layer F.CrtYd) (width 0.05))
    (pad "" smd rect (at 0.95 2.775) (size 4.55 5.25) (layers F.Paste))
    (pad "" smd rect (at 5.8 -2.775) (size 4.55 5.25) (layers F.Paste))
    (pad "" smd rect (at 0.95 -2.775) (size 4.55 5.25) (layers F.Paste))
    (pad "" smd rect (at 5.8 2.775) (size 4.55 5.25) (layers F.Paste))
    (pad 8 smd rect (at 3.375 0) (size 9.4 10.8) (layers F.Cu F.Mask)
      (net 52 "Net-(C14-Pad1)"))
    (pad 7 smd rect (at -5.775 3.81) (size 4.6 0.8) (layers F.Cu F.Paste F.Mask)
      (net 38 +BATT))
    (pad 6 smd rect (at -5.775 2.54) (size 4.6 0.8) (layers F.Cu F.Paste F.Mask)
      (net 43 "Net-(C6-Pad1)"))
    (pad 5 smd rect (at -5.775 1.27) (size 4.6 0.8) (layers F.Cu F.Paste F.Mask)
      (net 55 /sr3))
    (pad 4 smd rect (at -5.775 0) (size 4.6 0.8) (layers F.Cu F.Paste F.Mask)
      (net 52 "Net-(C14-Pad1)"))
    (pad 3 smd rect (at -5.775 -1.27) (size 4.6 0.8) (layers F.Cu F.Paste F.Mask)
      (net 49 "Net-(R14-Pad2)"))
    (pad 2 smd rect (at -5.775 -2.54) (size 4.6 0.8) (layers F.Cu F.Paste F.Mask)
      (net 48 "Net-(R13-Pad2)"))
    (pad 1 smd rect (at -5.775 -3.81) (size 4.6 0.8) (layers F.Cu F.Paste F.Mask)
      (net 1 GND))
    (model ${KISYS3DMOD}/Package_TO_SOT_SMD.3dshapes/TO-263-7_TabPin8.wrl
      (at (xyz 0 0 0))
      (scale (xyz 1 1 1))
      (rotate (xyz 0 0 0))
    )
  )

  (module Package_TO_SOT_SMD:TO-263-7_TabPin8 (layer F.Cu) (tedit 5A70FBD7) (tstamp 5F745780)
    (at 173.55 100.375)
    (descr "TO-263 / D2PAK / DDPAK SMD package, http://www.infineon.com/cms/en/product/packages/PG-TO263/PG-TO263-7-1/")
    (tags "D2PAK DDPAK TO-263 D2PAK-7 TO-263-7 SOT-427")
    (path /5F6F93F8)
    (attr smd)
    (fp_text reference U2 (at 0 -6.65) (layer F.SilkS)
      (effects (font (size 1 1) (thickness 0.15)))
    )
    (fp_text value IFX007TAUMA1 (at 0 6.65) (layer F.Fab)
      (effects (font (size 1 1) (thickness 0.15)))
    )
    (fp_text user %R (at 0 0) (layer F.Fab)
      (effects (font (size 1 1) (thickness 0.15)))
    )
    (fp_line (start 6.5 -5) (end 7.5 -5) (layer F.Fab) (width 0.1))
    (fp_line (start 7.5 -5) (end 7.5 5) (layer F.Fab) (width 0.1))
    (fp_line (start 7.5 5) (end 6.5 5) (layer F.Fab) (width 0.1))
    (fp_line (start 6.5 -5) (end 6.5 5) (layer F.Fab) (width 0.1))
    (fp_line (start 6.5 5) (end -2.75 5) (layer F.Fab) (width 0.1))
    (fp_line (start -2.75 5) (end -2.75 -4) (layer F.Fab) (width 0.1))
    (fp_line (start -2.75 -4) (end -1.75 -5) (layer F.Fab) (width 0.1))
    (fp_line (start -1.75 -5) (end 6.5 -5) (layer F.Fab) (width 0.1))
    (fp_line (start -2.64 -4.11) (end -7.45 -4.11) (layer F.Fab) (width 0.1))
    (fp_line (start -7.45 -4.11) (end -7.45 -3.51) (layer F.Fab) (width 0.1))
    (fp_line (start -7.45 -3.51) (end -2.75 -3.51) (layer F.Fab) (width 0.1))
    (fp_line (start -2.75 -2.84) (end -7.45 -2.84) (layer F.Fab) (width 0.1))
    (fp_line (start -7.45 -2.84) (end -7.45 -2.24) (layer F.Fab) (width 0.1))
    (fp_line (start -7.45 -2.24) (end -2.75 -2.24) (layer F.Fab) (width 0.1))
    (fp_line (start -2.75 -1.57) (end -7.45 -1.57) (layer F.Fab) (width 0.1))
    (fp_line (start -7.45 -1.57) (end -7.45 -0.97) (layer F.Fab) (width 0.1))
    (fp_line (start -7.45 -0.97) (end -2.75 -0.97) (layer F.Fab) (width 0.1))
    (fp_line (start -2.75 -0.3) (end -7.45 -0.3) (layer F.Fab) (width 0.1))
    (fp_line (start -7.45 -0.3) (end -7.45 0.3) (layer F.Fab) (width 0.1))
    (fp_line (start -7.45 0.3) (end -2.75 0.3) (layer F.Fab) (width 0.1))
    (fp_line (start -2.75 0.97) (end -7.45 0.97) (layer F.Fab) (width 0.1))
    (fp_line (start -7.45 0.97) (end -7.45 1.57) (layer F.Fab) (width 0.1))
    (fp_line (start -7.45 1.57) (end -2.75 1.57) (layer F.Fab) (width 0.1))
    (fp_line (start -2.75 2.24) (end -7.45 2.24) (layer F.Fab) (width 0.1))
    (fp_line (start -7.45 2.24) (end -7.45 2.84) (layer F.Fab) (width 0.1))
    (fp_line (start -7.45 2.84) (end -2.75 2.84) (layer F.Fab) (width 0.1))
    (fp_line (start -2.75 3.51) (end -7.45 3.51) (layer F.Fab) (width 0.1))
    (fp_line (start -7.45 3.51) (end -7.45 4.11) (layer F.Fab) (width 0.1))
    (fp_line (start -7.45 4.11) (end -2.75 4.11) (layer F.Fab) (width 0.1))
    (fp_line (start -1.45 -5.2) (end -2.95 -5.2) (layer F.SilkS) (width 0.12))
    (fp_line (start -2.95 -5.2) (end -2.95 -4.51) (layer F.SilkS) (width 0.12))
    (fp_line (start -2.95 -4.51) (end -8.075 -4.51) (layer F.SilkS) (width 0.12))
    (fp_line (start -1.45 5.2) (end -2.95 5.2) (layer F.SilkS) (width 0.12))
    (fp_line (start -2.95 5.2) (end -2.95 4.51) (layer F.SilkS) (width 0.12))
    (fp_line (start -2.95 4.51) (end -4.05 4.51) (layer F.SilkS) (width 0.12))
    (fp_line (start -8.32 -5.65) (end -8.32 5.65) (layer F.CrtYd) (width 0.05))
    (fp_line (start -8.32 5.65) (end 8.32 5.65) (layer F.CrtYd) (width 0.05))
    (fp_line (start 8.32 5.65) (end 8.32 -5.65) (layer F.CrtYd) (width 0.05))
    (fp_line (start 8.32 -5.65) (end -8.32 -5.65) (layer F.CrtYd) (width 0.05))
    (pad "" smd rect (at 0.95 2.775) (size 4.55 5.25) (layers F.Paste))
    (pad "" smd rect (at 5.8 -2.775) (size 4.55 5.25) (layers F.Paste))
    (pad "" smd rect (at 0.95 -2.775) (size 4.55 5.25) (layers F.Paste))
    (pad "" smd rect (at 5.8 2.775) (size 4.55 5.25) (layers F.Paste))
    (pad 8 smd rect (at 3.375 0) (size 9.4 10.8) (layers F.Cu F.Mask)
      (net 51 "Net-(C11-Pad1)"))
    (pad 7 smd rect (at -5.775 3.81) (size 4.6 0.8) (layers F.Cu F.Paste F.Mask)
      (net 38 +BATT))
    (pad 6 smd rect (at -5.775 2.54) (size 4.6 0.8) (layers F.Cu F.Paste F.Mask)
      (net 42 "Net-(C4-Pad1)"))
    (pad 5 smd rect (at -5.775 1.27) (size 4.6 0.8) (layers F.Cu F.Paste F.Mask)
      (net 54 /sr2))
    (pad 4 smd rect (at -5.775 0) (size 4.6 0.8) (layers F.Cu F.Paste F.Mask)
      (net 51 "Net-(C11-Pad1)"))
    (pad 3 smd rect (at -5.775 -1.27) (size 4.6 0.8) (layers F.Cu F.Paste F.Mask)
      (net 47 "Net-(R12-Pad2)"))
    (pad 2 smd rect (at -5.775 -2.54) (size 4.6 0.8) (layers F.Cu F.Paste F.Mask)
      (net 46 "Net-(R11-Pad2)"))
    (pad 1 smd rect (at -5.775 -3.81) (size 4.6 0.8) (layers F.Cu F.Paste F.Mask)
      (net 1 GND))
    (model ${KISYS3DMOD}/Package_TO_SOT_SMD.3dshapes/TO-263-7_TabPin8.wrl
      (at (xyz 0 0 0))
      (scale (xyz 1 1 1))
      (rotate (xyz 0 0 0))
    )
  )

  (module Package_TO_SOT_SMD:TO-263-7_TabPin8 (layer F.Cu) (tedit 5A70FBD7) (tstamp 5F720F30)
    (at 198.65 100.625)
    (descr "TO-263 / D2PAK / DDPAK SMD package, http://www.infineon.com/cms/en/product/packages/PG-TO263/PG-TO263-7-1/")
    (tags "D2PAK DDPAK TO-263 D2PAK-7 TO-263-7 SOT-427")
    (path /5F6F7DED)
    (attr smd)
    (fp_text reference U1 (at 0 -6.65) (layer F.SilkS)
      (effects (font (size 1 1) (thickness 0.15)))
    )
    (fp_text value IFX007TAUMA1 (at 0 6.65) (layer F.Fab)
      (effects (font (size 1 1) (thickness 0.15)))
    )
    (fp_text user %R (at 0 0) (layer F.Fab)
      (effects (font (size 1 1) (thickness 0.15)))
    )
    (fp_line (start 6.5 -5) (end 7.5 -5) (layer F.Fab) (width 0.1))
    (fp_line (start 7.5 -5) (end 7.5 5) (layer F.Fab) (width 0.1))
    (fp_line (start 7.5 5) (end 6.5 5) (layer F.Fab) (width 0.1))
    (fp_line (start 6.5 -5) (end 6.5 5) (layer F.Fab) (width 0.1))
    (fp_line (start 6.5 5) (end -2.75 5) (layer F.Fab) (width 0.1))
    (fp_line (start -2.75 5) (end -2.75 -4) (layer F.Fab) (width 0.1))
    (fp_line (start -2.75 -4) (end -1.75 -5) (layer F.Fab) (width 0.1))
    (fp_line (start -1.75 -5) (end 6.5 -5) (layer F.Fab) (width 0.1))
    (fp_line (start -2.64 -4.11) (end -7.45 -4.11) (layer F.Fab) (width 0.1))
    (fp_line (start -7.45 -4.11) (end -7.45 -3.51) (layer F.Fab) (width 0.1))
    (fp_line (start -7.45 -3.51) (end -2.75 -3.51) (layer F.Fab) (width 0.1))
    (fp_line (start -2.75 -2.84) (end -7.45 -2.84) (layer F.Fab) (width 0.1))
    (fp_line (start -7.45 -2.84) (end -7.45 -2.24) (layer F.Fab) (width 0.1))
    (fp_line (start -7.45 -2.24) (end -2.75 -2.24) (layer F.Fab) (width 0.1))
    (fp_line (start -2.75 -1.57) (end -7.45 -1.57) (layer F.Fab) (width 0.1))
    (fp_line (start -7.45 -1.57) (end -7.45 -0.97) (layer F.Fab) (width 0.1))
    (fp_line (start -7.45 -0.97) (end -2.75 -0.97) (layer F.Fab) (width 0.1))
    (fp_line (start -2.75 -0.3) (end -7.45 -0.3) (layer F.Fab) (width 0.1))
    (fp_line (start -7.45 -0.3) (end -7.45 0.3) (layer F.Fab) (width 0.1))
    (fp_line (start -7.45 0.3) (end -2.75 0.3) (layer F.Fab) (width 0.1))
    (fp_line (start -2.75 0.97) (end -7.45 0.97) (layer F.Fab) (width 0.1))
    (fp_line (start -7.45 0.97) (end -7.45 1.57) (layer F.Fab) (width 0.1))
    (fp_line (start -7.45 1.57) (end -2.75 1.57) (layer F.Fab) (width 0.1))
    (fp_line (start -2.75 2.24) (end -7.45 2.24) (layer F.Fab) (width 0.1))
    (fp_line (start -7.45 2.24) (end -7.45 2.84) (layer F.Fab) (width 0.1))
    (fp_line (start -7.45 2.84) (end -2.75 2.84) (layer F.Fab) (width 0.1))
    (fp_line (start -2.75 3.51) (end -7.45 3.51) (layer F.Fab) (width 0.1))
    (fp_line (start -7.45 3.51) (end -7.45 4.11) (layer F.Fab) (width 0.1))
    (fp_line (start -7.45 4.11) (end -2.75 4.11) (layer F.Fab) (width 0.1))
    (fp_line (start -1.45 -5.2) (end -2.95 -5.2) (layer F.SilkS) (width 0.12))
    (fp_line (start -2.95 -5.2) (end -2.95 -4.51) (layer F.SilkS) (width 0.12))
    (fp_line (start -2.95 -4.51) (end -8.075 -4.51) (layer F.SilkS) (width 0.12))
    (fp_line (start -1.45 5.2) (end -2.95 5.2) (layer F.SilkS) (width 0.12))
    (fp_line (start -2.95 5.2) (end -2.95 4.51) (layer F.SilkS) (width 0.12))
    (fp_line (start -2.95 4.51) (end -4.05 4.51) (layer F.SilkS) (width 0.12))
    (fp_line (start -8.32 -5.65) (end -8.32 5.65) (layer F.CrtYd) (width 0.05))
    (fp_line (start -8.32 5.65) (end 8.32 5.65) (layer F.CrtYd) (width 0.05))
    (fp_line (start 8.32 5.65) (end 8.32 -5.65) (layer F.CrtYd) (width 0.05))
    (fp_line (start 8.32 -5.65) (end -8.32 -5.65) (layer F.CrtYd) (width 0.05))
    (pad "" smd rect (at 0.95 2.775) (size 4.55 5.25) (layers F.Paste))
    (pad "" smd rect (at 5.8 -2.775) (size 4.55 5.25) (layers F.Paste))
    (pad "" smd rect (at 0.95 -2.775) (size 4.55 5.25) (layers F.Paste))
    (pad "" smd rect (at 5.8 2.775) (size 4.55 5.25) (layers F.Paste))
    (pad 8 smd rect (at 3.375 0) (size 9.4 10.8) (layers F.Cu F.Mask)
      (net 50 "Net-(C7-Pad1)"))
    (pad 7 smd rect (at -5.775 3.81) (size 4.6 0.8) (layers F.Cu F.Paste F.Mask)
      (net 38 +BATT))
    (pad 6 smd rect (at -5.775 2.54) (size 4.6 0.8) (layers F.Cu F.Paste F.Mask)
      (net 41 "Net-(C2-Pad1)"))
    (pad 5 smd rect (at -5.775 1.27) (size 4.6 0.8) (layers F.Cu F.Paste F.Mask)
      (net 53 /sr1))
    (pad 4 smd rect (at -5.775 0) (size 4.6 0.8) (layers F.Cu F.Paste F.Mask)
      (net 50 "Net-(C7-Pad1)"))
    (pad 3 smd rect (at -5.775 -1.27) (size 4.6 0.8) (layers F.Cu F.Paste F.Mask)
      (net 45 "Net-(R10-Pad2)"))
    (pad 2 smd rect (at -5.775 -2.54) (size 4.6 0.8) (layers F.Cu F.Paste F.Mask)
      (net 44 "Net-(R9-Pad2)"))
    (pad 1 smd rect (at -5.775 -3.81) (size 4.6 0.8) (layers F.Cu F.Paste F.Mask)
      (net 1 GND))
    (model ${KISYS3DMOD}/Package_TO_SOT_SMD.3dshapes/TO-263-7_TabPin8.wrl
      (at (xyz 0 0 0))
      (scale (xyz 1 1 1))
      (rotate (xyz 0 0 0))
    )
  )

  (module MountingHole:MountingHole_3.2mm_M3 (layer F.Cu) (tedit 56D1B4CB) (tstamp 5F738839)
    (at 203.2 62.23)
    (descr "Mounting Hole 3.2mm, no annular, M3")
    (tags "mounting hole 3.2mm no annular m3")
    (attr virtual)
    (fp_text reference REF** (at 0 -4.2) (layer F.SilkS)
      (effects (font (size 1 1) (thickness 0.15)))
    )
    (fp_text value MountingHole_3.2mm_M3 (at 0 4.2) (layer F.Fab)
      (effects (font (size 1 1) (thickness 0.15)))
    )
    (fp_circle (center 0 0) (end 3.45 0) (layer F.CrtYd) (width 0.05))
    (fp_circle (center 0 0) (end 3.2 0) (layer Cmts.User) (width 0.15))
    (fp_text user %R (at 0.3 0) (layer F.Fab)
      (effects (font (size 1 1) (thickness 0.15)))
    )
    (pad 1 np_thru_hole circle (at 0 0) (size 3.2 3.2) (drill 3.2) (layers *.Cu *.Mask))
  )

  (module MountingHole:MountingHole_3.2mm_M3 (layer F.Cu) (tedit 56D1B4CB) (tstamp 5F738689)
    (at 149.86 68.58)
    (descr "Mounting Hole 3.2mm, no annular, M3")
    (tags "mounting hole 3.2mm no annular m3")
    (attr virtual)
    (fp_text reference REF** (at 0 -4.2) (layer F.SilkS)
      (effects (font (size 1 1) (thickness 0.15)))
    )
    (fp_text value MountingHole_3.2mm_M3 (at 0 4.2) (layer F.Fab)
      (effects (font (size 1 1) (thickness 0.15)))
    )
    (fp_circle (center 0 0) (end 3.45 0) (layer F.CrtYd) (width 0.05))
    (fp_circle (center 0 0) (end 3.2 0) (layer Cmts.User) (width 0.15))
    (fp_text user %R (at 0.3 0) (layer F.Fab)
      (effects (font (size 1 1) (thickness 0.15)))
    )
    (pad 1 np_thru_hole circle (at 0 0) (size 3.2 3.2) (drill 3.2) (layers *.Cu *.Mask))
  )

  (module MountingHole:MountingHole_3.2mm_M3 (layer F.Cu) (tedit 56D1B4CB) (tstamp 5F7384E1)
    (at 208.5 109.5)
    (descr "Mounting Hole 3.2mm, no annular, M3")
    (tags "mounting hole 3.2mm no annular m3")
    (attr virtual)
    (fp_text reference REF** (at 0 -4.2) (layer F.SilkS)
      (effects (font (size 1 1) (thickness 0.15)))
    )
    (fp_text value MountingHole_3.2mm_M3 (at 0 4.2) (layer F.Fab)
      (effects (font (size 1 1) (thickness 0.15)))
    )
    (fp_circle (center 0 0) (end 3.45 0) (layer F.CrtYd) (width 0.05))
    (fp_circle (center 0 0) (end 3.2 0) (layer Cmts.User) (width 0.15))
    (fp_text user %R (at 0.3 0) (layer F.Fab)
      (effects (font (size 1 1) (thickness 0.15)))
    )
    (pad 1 np_thru_hole circle (at 0 0) (size 3.2 3.2) (drill 3.2) (layers *.Cu *.Mask))
  )

  (module Resistor_SMD:R_0603_1608Metric_Pad1.05x0.95mm_HandSolder (layer F.Cu) (tedit 5B301BBD) (tstamp 5F72AE1E)
    (at 181.61 78.74 180)
    (descr "Resistor SMD 0603 (1608 Metric), square (rectangular) end terminal, IPC_7351 nominal with elongated pad for handsoldering. (Body size source: http://www.tortai-tech.com/upload/download/2011102023233369053.pdf), generated with kicad-footprint-generator")
    (tags "resistor handsolder")
    (path /5F789F3F)
    (attr smd)
    (fp_text reference R14 (at 0 -1.43) (layer F.SilkS)
      (effects (font (size 1 1) (thickness 0.15)))
    )
    (fp_text value 10K (at 0 1.43) (layer F.Fab)
      (effects (font (size 1 1) (thickness 0.15)))
    )
    (fp_line (start -0.8 0.4) (end -0.8 -0.4) (layer F.Fab) (width 0.1))
    (fp_line (start -0.8 -0.4) (end 0.8 -0.4) (layer F.Fab) (width 0.1))
    (fp_line (start 0.8 -0.4) (end 0.8 0.4) (layer F.Fab) (width 0.1))
    (fp_line (start 0.8 0.4) (end -0.8 0.4) (layer F.Fab) (width 0.1))
    (fp_line (start -0.171267 -0.51) (end 0.171267 -0.51) (layer F.SilkS) (width 0.12))
    (fp_line (start -0.171267 0.51) (end 0.171267 0.51) (layer F.SilkS) (width 0.12))
    (fp_line (start -1.65 0.73) (end -1.65 -0.73) (layer F.CrtYd) (width 0.05))
    (fp_line (start -1.65 -0.73) (end 1.65 -0.73) (layer F.CrtYd) (width 0.05))
    (fp_line (start 1.65 -0.73) (end 1.65 0.73) (layer F.CrtYd) (width 0.05))
    (fp_line (start 1.65 0.73) (end -1.65 0.73) (layer F.CrtYd) (width 0.05))
    (fp_text user %R (at 0 0) (layer F.Fab)
      (effects (font (size 0.4 0.4) (thickness 0.06)))
    )
    (pad 2 smd roundrect (at 0.875 0 180) (size 1.05 0.95) (layers F.Cu F.Paste F.Mask) (roundrect_rratio 0.25)
      (net 49 "Net-(R14-Pad2)"))
    (pad 1 smd roundrect (at -0.875 0 180) (size 1.05 0.95) (layers F.Cu F.Paste F.Mask) (roundrect_rratio 0.25)
      (net 7 "Net-(J4-Pad10)"))
    (model ${KISYS3DMOD}/Resistor_SMD.3dshapes/R_0603_1608Metric.wrl
      (at (xyz 0 0 0))
      (scale (xyz 1 1 1))
      (rotate (xyz 0 0 0))
    )
  )

  (module Resistor_SMD:R_0603_1608Metric_Pad1.05x0.95mm_HandSolder (layer B.Cu) (tedit 5B301BBD) (tstamp 5F72AE0D)
    (at 181.61 81.28 180)
    (descr "Resistor SMD 0603 (1608 Metric), square (rectangular) end terminal, IPC_7351 nominal with elongated pad for handsoldering. (Body size source: http://www.tortai-tech.com/upload/download/2011102023233369053.pdf), generated with kicad-footprint-generator")
    (tags "resistor handsolder")
    (path /5F7899DB)
    (attr smd)
    (fp_text reference R13 (at 0 1.43) (layer B.SilkS)
      (effects (font (size 1 1) (thickness 0.15)) (justify mirror))
    )
    (fp_text value 10K (at 0 -1.43) (layer B.Fab)
      (effects (font (size 1 1) (thickness 0.15)) (justify mirror))
    )
    (fp_line (start -0.8 -0.4) (end -0.8 0.4) (layer B.Fab) (width 0.1))
    (fp_line (start -0.8 0.4) (end 0.8 0.4) (layer B.Fab) (width 0.1))
    (fp_line (start 0.8 0.4) (end 0.8 -0.4) (layer B.Fab) (width 0.1))
    (fp_line (start 0.8 -0.4) (end -0.8 -0.4) (layer B.Fab) (width 0.1))
    (fp_line (start -0.171267 0.51) (end 0.171267 0.51) (layer B.SilkS) (width 0.12))
    (fp_line (start -0.171267 -0.51) (end 0.171267 -0.51) (layer B.SilkS) (width 0.12))
    (fp_line (start -1.65 -0.73) (end -1.65 0.73) (layer B.CrtYd) (width 0.05))
    (fp_line (start -1.65 0.73) (end 1.65 0.73) (layer B.CrtYd) (width 0.05))
    (fp_line (start 1.65 0.73) (end 1.65 -0.73) (layer B.CrtYd) (width 0.05))
    (fp_line (start 1.65 -0.73) (end -1.65 -0.73) (layer B.CrtYd) (width 0.05))
    (fp_text user %R (at 0 0) (layer B.Fab)
      (effects (font (size 0.4 0.4) (thickness 0.06)) (justify mirror))
    )
    (pad 2 smd roundrect (at 0.875 0 180) (size 1.05 0.95) (layers B.Cu B.Paste B.Mask) (roundrect_rratio 0.25)
      (net 48 "Net-(R13-Pad2)"))
    (pad 1 smd roundrect (at -0.875 0 180) (size 1.05 0.95) (layers B.Cu B.Paste B.Mask) (roundrect_rratio 0.25)
      (net 8 "Net-(J4-Pad9)"))
    (model ${KISYS3DMOD}/Resistor_SMD.3dshapes/R_0603_1608Metric.wrl
      (at (xyz 0 0 0))
      (scale (xyz 1 1 1))
      (rotate (xyz 0 0 0))
    )
  )

  (module Resistor_SMD:R_0603_1608Metric_Pad1.05x0.95mm_HandSolder (layer F.Cu) (tedit 5B301BBD) (tstamp 5F72ADFC)
    (at 179.945 81.28 180)
    (descr "Resistor SMD 0603 (1608 Metric), square (rectangular) end terminal, IPC_7351 nominal with elongated pad for handsoldering. (Body size source: http://www.tortai-tech.com/upload/download/2011102023233369053.pdf), generated with kicad-footprint-generator")
    (tags "resistor handsolder")
    (path /5F7894A8)
    (attr smd)
    (fp_text reference R12 (at 0 -1.43) (layer F.SilkS)
      (effects (font (size 1 1) (thickness 0.15)))
    )
    (fp_text value 10K (at 0 1.43) (layer F.Fab)
      (effects (font (size 1 1) (thickness 0.15)))
    )
    (fp_line (start -0.8 0.4) (end -0.8 -0.4) (layer F.Fab) (width 0.1))
    (fp_line (start -0.8 -0.4) (end 0.8 -0.4) (layer F.Fab) (width 0.1))
    (fp_line (start 0.8 -0.4) (end 0.8 0.4) (layer F.Fab) (width 0.1))
    (fp_line (start 0.8 0.4) (end -0.8 0.4) (layer F.Fab) (width 0.1))
    (fp_line (start -0.171267 -0.51) (end 0.171267 -0.51) (layer F.SilkS) (width 0.12))
    (fp_line (start -0.171267 0.51) (end 0.171267 0.51) (layer F.SilkS) (width 0.12))
    (fp_line (start -1.65 0.73) (end -1.65 -0.73) (layer F.CrtYd) (width 0.05))
    (fp_line (start -1.65 -0.73) (end 1.65 -0.73) (layer F.CrtYd) (width 0.05))
    (fp_line (start 1.65 -0.73) (end 1.65 0.73) (layer F.CrtYd) (width 0.05))
    (fp_line (start 1.65 0.73) (end -1.65 0.73) (layer F.CrtYd) (width 0.05))
    (fp_text user %R (at 0 0) (layer F.Fab)
      (effects (font (size 0.4 0.4) (thickness 0.06)))
    )
    (pad 2 smd roundrect (at 0.875 0 180) (size 1.05 0.95) (layers F.Cu F.Paste F.Mask) (roundrect_rratio 0.25)
      (net 47 "Net-(R12-Pad2)"))
    (pad 1 smd roundrect (at -0.875 0 180) (size 1.05 0.95) (layers F.Cu F.Paste F.Mask) (roundrect_rratio 0.25)
      (net 9 "Net-(J4-Pad8)"))
    (model ${KISYS3DMOD}/Resistor_SMD.3dshapes/R_0603_1608Metric.wrl
      (at (xyz 0 0 0))
      (scale (xyz 1 1 1))
      (rotate (xyz 0 0 0))
    )
  )

  (module Resistor_SMD:R_0603_1608Metric_Pad1.05x0.95mm_HandSolder (layer F.Cu) (tedit 5B301BBD) (tstamp 5F72ADEB)
    (at 175.26 81.28 180)
    (descr "Resistor SMD 0603 (1608 Metric), square (rectangular) end terminal, IPC_7351 nominal with elongated pad for handsoldering. (Body size source: http://www.tortai-tech.com/upload/download/2011102023233369053.pdf), generated with kicad-footprint-generator")
    (tags "resistor handsolder")
    (path /5F788F91)
    (attr smd)
    (fp_text reference R11 (at 0 -1.43) (layer F.SilkS)
      (effects (font (size 1 1) (thickness 0.15)))
    )
    (fp_text value 10K (at 0 1.43) (layer F.Fab)
      (effects (font (size 1 1) (thickness 0.15)))
    )
    (fp_line (start -0.8 0.4) (end -0.8 -0.4) (layer F.Fab) (width 0.1))
    (fp_line (start -0.8 -0.4) (end 0.8 -0.4) (layer F.Fab) (width 0.1))
    (fp_line (start 0.8 -0.4) (end 0.8 0.4) (layer F.Fab) (width 0.1))
    (fp_line (start 0.8 0.4) (end -0.8 0.4) (layer F.Fab) (width 0.1))
    (fp_line (start -0.171267 -0.51) (end 0.171267 -0.51) (layer F.SilkS) (width 0.12))
    (fp_line (start -0.171267 0.51) (end 0.171267 0.51) (layer F.SilkS) (width 0.12))
    (fp_line (start -1.65 0.73) (end -1.65 -0.73) (layer F.CrtYd) (width 0.05))
    (fp_line (start -1.65 -0.73) (end 1.65 -0.73) (layer F.CrtYd) (width 0.05))
    (fp_line (start 1.65 -0.73) (end 1.65 0.73) (layer F.CrtYd) (width 0.05))
    (fp_line (start 1.65 0.73) (end -1.65 0.73) (layer F.CrtYd) (width 0.05))
    (fp_text user %R (at 0 0) (layer F.Fab)
      (effects (font (size 0.4 0.4) (thickness 0.06)))
    )
    (pad 2 smd roundrect (at 0.875 0 180) (size 1.05 0.95) (layers F.Cu F.Paste F.Mask) (roundrect_rratio 0.25)
      (net 46 "Net-(R11-Pad2)"))
    (pad 1 smd roundrect (at -0.875 0 180) (size 1.05 0.95) (layers F.Cu F.Paste F.Mask) (roundrect_rratio 0.25)
      (net 10 "Net-(J4-Pad7)"))
    (model ${KISYS3DMOD}/Resistor_SMD.3dshapes/R_0603_1608Metric.wrl
      (at (xyz 0 0 0))
      (scale (xyz 1 1 1))
      (rotate (xyz 0 0 0))
    )
  )

  (module Resistor_SMD:R_0603_1608Metric_Pad1.05x0.95mm_HandSolder (layer F.Cu) (tedit 5B301BBD) (tstamp 5F72ADDA)
    (at 175.655 77.47)
    (descr "Resistor SMD 0603 (1608 Metric), square (rectangular) end terminal, IPC_7351 nominal with elongated pad for handsoldering. (Body size source: http://www.tortai-tech.com/upload/download/2011102023233369053.pdf), generated with kicad-footprint-generator")
    (tags "resistor handsolder")
    (path /5F788A6C)
    (attr smd)
    (fp_text reference R10 (at 0 -1.43) (layer F.SilkS)
      (effects (font (size 1 1) (thickness 0.15)))
    )
    (fp_text value 10K (at 0 1.43) (layer F.Fab)
      (effects (font (size 1 1) (thickness 0.15)))
    )
    (fp_line (start -0.8 0.4) (end -0.8 -0.4) (layer F.Fab) (width 0.1))
    (fp_line (start -0.8 -0.4) (end 0.8 -0.4) (layer F.Fab) (width 0.1))
    (fp_line (start 0.8 -0.4) (end 0.8 0.4) (layer F.Fab) (width 0.1))
    (fp_line (start 0.8 0.4) (end -0.8 0.4) (layer F.Fab) (width 0.1))
    (fp_line (start -0.171267 -0.51) (end 0.171267 -0.51) (layer F.SilkS) (width 0.12))
    (fp_line (start -0.171267 0.51) (end 0.171267 0.51) (layer F.SilkS) (width 0.12))
    (fp_line (start -1.65 0.73) (end -1.65 -0.73) (layer F.CrtYd) (width 0.05))
    (fp_line (start -1.65 -0.73) (end 1.65 -0.73) (layer F.CrtYd) (width 0.05))
    (fp_line (start 1.65 -0.73) (end 1.65 0.73) (layer F.CrtYd) (width 0.05))
    (fp_line (start 1.65 0.73) (end -1.65 0.73) (layer F.CrtYd) (width 0.05))
    (fp_text user %R (at 0 0) (layer F.Fab)
      (effects (font (size 0.4 0.4) (thickness 0.06)))
    )
    (pad 2 smd roundrect (at 0.875 0) (size 1.05 0.95) (layers F.Cu F.Paste F.Mask) (roundrect_rratio 0.25)
      (net 45 "Net-(R10-Pad2)"))
    (pad 1 smd roundrect (at -0.875 0) (size 1.05 0.95) (layers F.Cu F.Paste F.Mask) (roundrect_rratio 0.25)
      (net 11 "Net-(J4-Pad6)"))
    (model ${KISYS3DMOD}/Resistor_SMD.3dshapes/R_0603_1608Metric.wrl
      (at (xyz 0 0 0))
      (scale (xyz 1 1 1))
      (rotate (xyz 0 0 0))
    )
  )

  (module Resistor_SMD:R_0603_1608Metric_Pad1.05x0.95mm_HandSolder (layer F.Cu) (tedit 5B301BBD) (tstamp 5F72ADC9)
    (at 194.31 88.9 270)
    (descr "Resistor SMD 0603 (1608 Metric), square (rectangular) end terminal, IPC_7351 nominal with elongated pad for handsoldering. (Body size source: http://www.tortai-tech.com/upload/download/2011102023233369053.pdf), generated with kicad-footprint-generator")
    (tags "resistor handsolder")
    (path /5F788578)
    (attr smd)
    (fp_text reference R9 (at 0 -1.43 270) (layer F.SilkS)
      (effects (font (size 1 1) (thickness 0.15)))
    )
    (fp_text value 10K (at 0 1.43 270) (layer F.Fab)
      (effects (font (size 1 1) (thickness 0.15)))
    )
    (fp_line (start -0.8 0.4) (end -0.8 -0.4) (layer F.Fab) (width 0.1))
    (fp_line (start -0.8 -0.4) (end 0.8 -0.4) (layer F.Fab) (width 0.1))
    (fp_line (start 0.8 -0.4) (end 0.8 0.4) (layer F.Fab) (width 0.1))
    (fp_line (start 0.8 0.4) (end -0.8 0.4) (layer F.Fab) (width 0.1))
    (fp_line (start -0.171267 -0.51) (end 0.171267 -0.51) (layer F.SilkS) (width 0.12))
    (fp_line (start -0.171267 0.51) (end 0.171267 0.51) (layer F.SilkS) (width 0.12))
    (fp_line (start -1.65 0.73) (end -1.65 -0.73) (layer F.CrtYd) (width 0.05))
    (fp_line (start -1.65 -0.73) (end 1.65 -0.73) (layer F.CrtYd) (width 0.05))
    (fp_line (start 1.65 -0.73) (end 1.65 0.73) (layer F.CrtYd) (width 0.05))
    (fp_line (start 1.65 0.73) (end -1.65 0.73) (layer F.CrtYd) (width 0.05))
    (fp_text user %R (at 0 0 270) (layer F.Fab)
      (effects (font (size 0.4 0.4) (thickness 0.06)))
    )
    (pad 2 smd roundrect (at 0.875 0 270) (size 1.05 0.95) (layers F.Cu F.Paste F.Mask) (roundrect_rratio 0.25)
      (net 44 "Net-(R9-Pad2)"))
    (pad 1 smd roundrect (at -0.875 0 270) (size 1.05 0.95) (layers F.Cu F.Paste F.Mask) (roundrect_rratio 0.25)
      (net 12 "Net-(J4-Pad5)"))
    (model ${KISYS3DMOD}/Resistor_SMD.3dshapes/R_0603_1608Metric.wrl
      (at (xyz 0 0 0))
      (scale (xyz 1 1 1))
      (rotate (xyz 0 0 0))
    )
  )

  (module Resistor_SMD:R_0603_1608Metric_Pad1.05x0.95mm_HandSolder (layer F.Cu) (tedit 5B301BBD) (tstamp 5F72B1B8)
    (at 196.5175 80.01 180)
    (descr "Resistor SMD 0603 (1608 Metric), square (rectangular) end terminal, IPC_7351 nominal with elongated pad for handsoldering. (Body size source: http://www.tortai-tech.com/upload/download/2011102023233369053.pdf), generated with kicad-footprint-generator")
    (tags "resistor handsolder")
    (path /5F7AA46F)
    (attr smd)
    (fp_text reference R8 (at 0 -1.43) (layer F.SilkS)
      (effects (font (size 1 1) (thickness 0.15)))
    )
    (fp_text value R (at 0 1.43) (layer F.Fab)
      (effects (font (size 1 1) (thickness 0.15)))
    )
    (fp_line (start -0.8 0.4) (end -0.8 -0.4) (layer F.Fab) (width 0.1))
    (fp_line (start -0.8 -0.4) (end 0.8 -0.4) (layer F.Fab) (width 0.1))
    (fp_line (start 0.8 -0.4) (end 0.8 0.4) (layer F.Fab) (width 0.1))
    (fp_line (start 0.8 0.4) (end -0.8 0.4) (layer F.Fab) (width 0.1))
    (fp_line (start -0.171267 -0.51) (end 0.171267 -0.51) (layer F.SilkS) (width 0.12))
    (fp_line (start -0.171267 0.51) (end 0.171267 0.51) (layer F.SilkS) (width 0.12))
    (fp_line (start -1.65 0.73) (end -1.65 -0.73) (layer F.CrtYd) (width 0.05))
    (fp_line (start -1.65 -0.73) (end 1.65 -0.73) (layer F.CrtYd) (width 0.05))
    (fp_line (start 1.65 -0.73) (end 1.65 0.73) (layer F.CrtYd) (width 0.05))
    (fp_line (start 1.65 0.73) (end -1.65 0.73) (layer F.CrtYd) (width 0.05))
    (fp_text user %R (at 0 0) (layer F.Fab)
      (effects (font (size 0.4 0.4) (thickness 0.06)))
    )
    (pad 2 smd roundrect (at 0.875 0 180) (size 1.05 0.95) (layers F.Cu F.Paste F.Mask) (roundrect_rratio 0.25)
      (net 1 GND))
    (pad 1 smd roundrect (at -0.875 0 180) (size 1.05 0.95) (layers F.Cu F.Paste F.Mask) (roundrect_rratio 0.25)
      (net 37 "Net-(JP3-Pad2)"))
    (model ${KISYS3DMOD}/Resistor_SMD.3dshapes/R_0603_1608Metric.wrl
      (at (xyz 0 0 0))
      (scale (xyz 1 1 1))
      (rotate (xyz 0 0 0))
    )
  )

  (module Resistor_SMD:R_0603_1608Metric_Pad1.05x0.95mm_HandSolder (layer F.Cu) (tedit 5B301BBD) (tstamp 5F72B161)
    (at 210.4875 78.74 180)
    (descr "Resistor SMD 0603 (1608 Metric), square (rectangular) end terminal, IPC_7351 nominal with elongated pad for handsoldering. (Body size source: http://www.tortai-tech.com/upload/download/2011102023233369053.pdf), generated with kicad-footprint-generator")
    (tags "resistor handsolder")
    (path /5F7A9613)
    (attr smd)
    (fp_text reference R7 (at 0 -1.43) (layer F.SilkS)
      (effects (font (size 1 1) (thickness 0.15)))
    )
    (fp_text value R (at 0 1.43) (layer F.Fab)
      (effects (font (size 1 1) (thickness 0.15)))
    )
    (fp_line (start -0.8 0.4) (end -0.8 -0.4) (layer F.Fab) (width 0.1))
    (fp_line (start -0.8 -0.4) (end 0.8 -0.4) (layer F.Fab) (width 0.1))
    (fp_line (start 0.8 -0.4) (end 0.8 0.4) (layer F.Fab) (width 0.1))
    (fp_line (start 0.8 0.4) (end -0.8 0.4) (layer F.Fab) (width 0.1))
    (fp_line (start -0.171267 -0.51) (end 0.171267 -0.51) (layer F.SilkS) (width 0.12))
    (fp_line (start -0.171267 0.51) (end 0.171267 0.51) (layer F.SilkS) (width 0.12))
    (fp_line (start -1.65 0.73) (end -1.65 -0.73) (layer F.CrtYd) (width 0.05))
    (fp_line (start -1.65 -0.73) (end 1.65 -0.73) (layer F.CrtYd) (width 0.05))
    (fp_line (start 1.65 -0.73) (end 1.65 0.73) (layer F.CrtYd) (width 0.05))
    (fp_line (start 1.65 0.73) (end -1.65 0.73) (layer F.CrtYd) (width 0.05))
    (fp_text user %R (at 0 0) (layer F.Fab)
      (effects (font (size 0.4 0.4) (thickness 0.06)))
    )
    (pad 2 smd roundrect (at 0.875 0 180) (size 1.05 0.95) (layers F.Cu F.Paste F.Mask) (roundrect_rratio 0.25)
      (net 36 "Net-(JP1-Pad2)"))
    (pad 1 smd roundrect (at -0.875 0 180) (size 1.05 0.95) (layers F.Cu F.Paste F.Mask) (roundrect_rratio 0.25)
      (net 2 +3V3))
    (model ${KISYS3DMOD}/Resistor_SMD.3dshapes/R_0603_1608Metric.wrl
      (at (xyz 0 0 0))
      (scale (xyz 1 1 1))
      (rotate (xyz 0 0 0))
    )
  )

  (module Resistor_SMD:R_0603_1608Metric_Pad1.05x0.95mm_HandSolder (layer B.Cu) (tedit 5B301BBD) (tstamp 5F720EBE)
    (at 195.41 80.9175 90)
    (descr "Resistor SMD 0603 (1608 Metric), square (rectangular) end terminal, IPC_7351 nominal with elongated pad for handsoldering. (Body size source: http://www.tortai-tech.com/upload/download/2011102023233369053.pdf), generated with kicad-footprint-generator")
    (tags "resistor handsolder")
    (path /5F73ADB4)
    (attr smd)
    (fp_text reference R6 (at 0 1.43 90) (layer B.SilkS)
      (effects (font (size 1 1) (thickness 0.15)) (justify mirror))
    )
    (fp_text value 1K (at 0 -1.43 90) (layer B.Fab)
      (effects (font (size 1 1) (thickness 0.15)) (justify mirror))
    )
    (fp_line (start -0.8 -0.4) (end -0.8 0.4) (layer B.Fab) (width 0.1))
    (fp_line (start -0.8 0.4) (end 0.8 0.4) (layer B.Fab) (width 0.1))
    (fp_line (start 0.8 0.4) (end 0.8 -0.4) (layer B.Fab) (width 0.1))
    (fp_line (start 0.8 -0.4) (end -0.8 -0.4) (layer B.Fab) (width 0.1))
    (fp_line (start -0.171267 0.51) (end 0.171267 0.51) (layer B.SilkS) (width 0.12))
    (fp_line (start -0.171267 -0.51) (end 0.171267 -0.51) (layer B.SilkS) (width 0.12))
